1: 237 466 81 323 94 487 331 241
2: 263 49
3: 403 368 372
4: 41 284 443
5: 
6: 338 452 161 287 381
7: 490 36 171 369 414 188 219
8: 397 336 10 481 68 242 123 345 253
9: 116 440
10: 267 151 66
11: 448 427 500 471 441 406 71
12: 204 87 19 166 461 482 448 100
13: 492 401 436 217 332
14: 264 338 95 10 259 59 50 471
15: 303 394
16: 139 91 57 54 408 367
17: 418 307 491
18: 275 218 354 349 28
19: 34 283
20: 459 310 115
21: 98
22: 111 464 246
23: 30 427 189 170 232 142 325 354 414
24: 491
25: 314 220 237 72 161 388 56 295 284
26: 265 315 303 482 1 97
27: 165 232 149 453 282 292 30 22 286 100
28: 266 402 5 87 83 332 458 171
29: 199 280 175 372 411
30: 332 459 266 128 15 55 272 118 154 489
31: 495 169 21 159 263 17
32: 331 290 278 61 452
33: 45 324
34: 338 356 6
35: 109 95 260 264 440 276 473 379
36: 495 71 25 364 369 99 262 283
37: 267 430
38: 139
39: 374 43
40: 497 444 200
41: 110 207 18 379 317 120 48 160
42: 495 424 328
43: 433
44: 439 419 7 449 406 13 334
45: 170 125 333 76 47 324 177 1
46: 132 235 26 51 239
47: 254 112 371 438 147 325 48 410 135
48: 188 378 481 243 499
49: 442 486 238 32
50: 49 492
51: 328 469 179 296 115 98 122
52: 180 139 472 123
53: 470 43 73 34
54: 88 31 219 117 233 281
55: 28 319 74 168 412 46 346 492
56: 12 368 100 94 362 37 191 278
57: 112 260 312 364 388 155
58: 397 394 317 485 365 285 356
59: 440 460 463 452
60: 194 94 107 23 142 160 413
61: 61
62: 32 51 261
63: 154 52 412 373
64: 473 338 86 324 113 260 303 101 109
65: 471
66: 242 62 423 267 260 255 167 216 152 288
67: 234 158 64 177 310
68: 270 55 355
69: 210 372 218 434 62 88
70: 135 3 81 183 22 268 148 176 67
71: 466 233 484 26 24 147 164 138 291
72: 444
73: 424 354 151 56 292 202 179
74: 364 241 336 273 251 369
75: 426 92 71 412 172 176 444
76: 73 213 36 324 357
77: 264 322 155 81
78: 308 485 231
79: 116 272 260 365 487 177 162 59
80: 39 132 354 396 247 122 476
81: 197 73 149 30 458 391
82: 208 355 119 381 118 433 58
83: 83
84: 82 490 26 384 31 484 143 366 7 257
85: 308 254 4 30
86: 331 85 183 82 290
87: 361 125 2 383 384 32 275 8 356 68
88: 147 118 284 393 230 360 482 300 481 474
89: 223 469 338 283 342 475 11 35
90: 268
91: 394 438 257 316 235 34 54 347
92: 394
93: 464 71 241
94: 440 50 187 88 34 239 107 12
95: 127 372 182 169
96: 170 86 123 370 29 105 277 69 211 439
97: 443 253 88 144 423 303 84 130 274 150
98: 343 307 8 447 263 428 261
99: 226 464 458 218 231 271 326
100: 47 131 159 465 338 219 114 135
101: 52 95 416 143 484
102: 108 92 90 284 256 4 155 415 142 356
103: 159 445 254 354 206 282 336
104: 459
105: 7 425 440 372 19 417 81 354 260
106: 274 44 95 227 359 153 464 219 241 54
107: 416 144 8 438
108: 259 307 32 409 202 274 57
109: 422 18 338 417 168 129 150
110: 138 356 363 489 197 279 341 344 116
111: 493 252 452 77 72
112: 352 188
113: 401 417 409 404 490 72 211
114: 82 215 315 161 257 499 424
115: 59 230 83
116: 242 64 257 294 419 41 34 1
117: 13 79 339 276
118: 471 286 407 60
119: 49 198 248 104 139 195 466 438 315
120: 380 340 299 114 355 196 103 53 210 121
121: 303
122: 424 193 446 196
123: 383 172 191 366 79 435 420 174
124: 259 201 232 323 336 10 479 425 399
125: 47 463 309 219 97
126: 132 104 31 62 273 58
127: 327 75 481 465 245 433 77
128: 249 89 308
129: 291 90 353 477
130: 99 457 363 68 416 31 455
131: 383 53 212 416 20 186 117 428 169
132: 
133: 333 413 393 362 436 346 60 174 256 132
134: 275 435 361 267 260 73 189 328 281 242
135: 354 311 229 82 7 150 385 422 6
136: 42 74 438 21 484
137: 317 294 305 8 372 389 442 473 228
138: 129 266 151 396 69 131 78 93 8
139: 447 96 270 149
140: 375 306 246 314 30 361 341
141: 307 190 309 488 336 147 494 367 439
142: 305 500 496 470 290 94 389 368 304
143: 43
144: 163 417 367 350 105 483
145: 263 103 364 138 300 351 212 258 349 31
146: 254 351 264 201
147: 274 500 434 262 422 196
148: 481 241
149: 36 440 492 283 292 42
150: 379 19 252 267 35 277
151: 438 371 364 123 376 366 279 385
152: 357 145 179
153: 59 285 465 104
154: 
155: 84 317 365 111 285
156: 405
157: 438 40
158: 432 238 344 96 406 289
159: 414
160: 61 442 92 99 26 69 191
161: 309 303 422 466
162: 403 428 397 73 433
163: 163
164: 147
165: 163 288 349 323 84 466
166: 384 153 329 297 176 227 4 451 371
167: 280 294 64 461 473 257
168: 228 141 463 241 182 376 498 246
169: 117 277 487 379 322 435 175 341 407
170: 60 241 373 138 493
171: 163 352
172: 369 414 28 351 66 70
173: 378 247 85 340 116 471 470 95 137
174: 307 460
175: 74 464
176: 136 331 418 144 134 274 406 340 25 66
177: 282 68 359 335 290 207
178: 26 315
179: 117 104 255 20 176 400 244 94
180: 350 196
181: 497 4 43 239 391
182: 180 191 216
183: 298 257 149 138 114 13 16 288 86
184: 34 232 174 403 98 181 16 356
185: 400
186: 310 118 407
187: 
188: 365 124
189: 132 239 1 232 371
190: 133 156 471 280
191: 141 210 440 402 457 69
192: 166 492 304 164
193: 18 432 10 70 356
194: 236 51 216
195: 237 358
196: 177 334 472 2 35
197: 417 444
198: 28 403 144 417 244 101
199: 192 265 51 88 261 80 223 395
200: 174 224
201: 317
202: 280 500 367 282 266 182 199 195 3 374
203: 311 111 314 230 417 218 285
204: 263 422 20 499 489 202 37 366 169
205: 177 88 67 308 275 158 228 62 298
206: 226 286 25
207: 269 104 339 360 24 217
208: 324
209: 466 126 177 83 92
210: 317 256 250 177 350 357 166
211: 137 5 381 40 396 292 148
212: 249 356 140 240 67 429 455 245
213: 471 339 50 408 33 225 236 133 176
214: 494 15 55 233 324 366 136 70 380
215: 197 100 106 67 46 59 1 281 82
216: 51 457 434 426 484 40 243
217: 342 46 115 241 412 348 311 51 257 137
218: 476 206 73 185 495 333 75 172 67
219: 57 16 70 441 60 136 254 71 9
220: 408 272
221: 478 147 418 324 291 354 470 132 213 15
222: 390 213 298 240 112 28
223: 51 198 439 145 500 30
224: 428 71
225: 384 444
226: 
227: 152 465 462 428 23
228: 4 226 442 334
229: 244 421 252 174 195 74
230: 481 432 194 467 339 382
231: 375 225 296 64 496
232: 45 28 26
233: 91
234: 
235: 345 83 347 408
236: 5
237: 237
238: 309 188 299
239: 154 499 340 248 418
240: 416 420 253 481 277 292 207 368 185 93
241: 4 364 333
242: 409 125 369 479 2 349
243: 
244: 275
245: 390 280 312 226
246: 445 315 450 256 45 308 238 494 372 174
247: 314 489 419 29 6 344 478 301 465 136
248: 460 291 350 296
249: 158
250: 253 159 306 49 375 141
251: 21 445 492 381 19 490 214 185 18 70
252: 85
253: 342 441 161 98 164 285 365 83
254: 475 171
255: 293 170 384 174 1 221 314
256: 180 331 466 500 31 220 352
257: 145 483 295
258: 168 392 313 455 172 435 334 94 45 352
259: 321
260: 66 168 22 228 174 403 367
261: 462 70 475 142 114 443 218 259 297 138
262: 182 194
263: 499 258 102 238
264: 490 456 332 77 120
265: 398 90 294 84 474 256 378
266: 52 246 42 303 349 345
267: 54 199 34 308 84 44
268: 339
269: 307 409 283 171 484 162
270: 121 188 476 206 234 180 226 153
271: 422
272: 26 204
273: 417 447 249 21 342 8 354 303 337
274: 
275: 372 266 57 99 250 186 444 30
276: 303 496 292
277: 322 273 293 307 58
278: 420 125 311 493 256 363 116 254 120 297
279: 229 249 36 444 161 497 82 469 481
280: 161 42
281: 10 426 400 402 1 389
282: 
283: 154 150 300 114 353 393 186 142 30 184
284: 41 40 365 486 115 260
285: 248 378 428 450 76 74
286: 157 24 430 258 98 89
287: 459 7 185 73 477 215 77 30
288: 222 467 212 123 457
289: 438 92 39 238 229 6 134
290: 59 2 264 34 4 226 458 342 101 300
291: 500 51 193 367 303 227
292: 306 400
293: 193 394 288 448
294: 416 491 497 472 495 22
295: 
296: 
297: 
298: 359 272 174 308 305
299: 466 121 43
300: 112 30
301: 477 389 299 453
302: 268 428 26
303: 141 463
304: 57 122 6 386 64 58 288 306
305: 48 306 127 392 133 320 206 186 212
306: 150 86 444 339 465 126 272
307: 374 197 138 364 259 449 427 223 232 410
308: 335 42 136
309: 14 283 321 428 50
310: 52 66 337 406 373
311: 452 234 111 162 437 309 218 65
312: 394 417 418 64
313: 24 49 107 321 407 422 376
314: 496
315: 352 380 229 181 438 82 255 319 214 415
316: 197 100 256 457
317: 475 382 65 323 440 31 379 310 132 423
318: 208 498 227 48 306
319: 299 376 40 147 85 446 24 302
320: 358 158
321: 98 479
322: 464
323: 36 183
324: 438 63 353 390 143 223 396
325: 193 152 412 316 440 214 404 496 265
326: 124 335 289 373 219 184 73 459 457 308
327: 317
328: 379 79
329: 144 301 363 413
330: 226 324
331: 411 491 161 471 321 205 447
332: 
333: 271 336 227 130 493
334: 32 69 483
335: 156 104 452
336: 211 369 106 324 391 199 92
337: 372 422 256 461 397 445 12
338: 241 77 453 10 27 58 132
339: 115 71 197 369
340: 439 199 141 26
341: 92 442 350 191 243 477
342: 204
343: 57
344: 365 97 392 475 114 170 32 296 399
345: 477 361 331 380 498 475
346: 300 193
347: 297 152 473 288 406 292 441 214 130 42
348: 453
349: 88 196 7 367
350: 180 307 424 429 190 124 21 450 285 390
351: 436 22 315 142 108 27 36
352: 86 283 307
353: 205
354: 198
355: 224 190 156 497 217 448 75
356: 425 149 292 68
357: 349 220 115 390 23 233 467 266
358: 42 141 116 25 56 174 416 376 408
359: 31 452 55 244 181 417 237 7 25
360: 7 182 317 315 119 256 176 291
361: 68 137 249 379 450 146 113 254 212
362: 151 29 1 452 191 125 7 480 401
363: 43 489 385 462 294 140 350 318 229 213
364: 396 302 39 96 292 344 86 420
365: 212 457 251 80 305 94 109
366: 65 21
367: 467 489 24 455 419
368: 361 183 421 418 176 409 197 319
369: 423 184 55 50 409 129 204
370: 471 168 428 440 94 172
371: 471 345 135 195 33 350
372: 17 238
373: 280 406 219 407
374: 345 37 478 257 460 110 286
375: 8 409 489 269 271 367 342 296 158 217
376: 114 360 22 78 474
377: 463 169
378: 351 187 461 278 402
379: 59 200 339 8 67 159
380: 46 77 58 408 466 40
381: 73 329 137 183 409 29 489 385
382: 81 15 339 319
383: 331
384: 146
385: 371 397 77 348 228 384 170 84
386: 86
387: 
388: 133 209 196 359 491 306 353 260 137 319
389: 
390: 476 482 56 127 486 232 216 87 345
391: 107 72 389 444
392: 275 126 389 209 294 228 112 176
393: 269 366 457 264 262 174 181 200 444
394: 139 200 374 468 387 24 414
395: 359 8 300
396: 191 390 350 382 360 37 404 249
397: 371 247 417 280 500 307
398: 161 436 8 193 405 282 266 74 351
399: 297 214 364 344 443
400: 17 252 447 35 22 494 361 96 394
401: 75 425 92 376 186 405 9 187 360
402: 80 468 204 277 180 337 176 299 495 135
403: 
404: 206
405: 235 175 71 220 208 40
406: 274 171 117 203 76 232 468 265 418
407: 
408: 91 139 477 285 156 324 463
409: 462 4 186 347
410: 381 487 399 234 459 64 406 271 181 73
411: 343 247
412: 304 500 310 389 484 1 259 269
413: 192 235 52 203 309 270 404 196 340
414: 497 431 434 285 69 30 239 362
415: 463 189 124 499 350 448 476
416: 139 379
417: 424 86
418: 249 100 73 43 434
419: 
420: 271 102 476 341 170
421: 62 346 237
422: 361 213 191 398 411 44 474 383
423: 182 152 60 7 309 474
424: 73 285
425: 167 305 180 160 67
426: 334 148 226 300 321 153 236 363 47 303
427: 126 421 291 442 158 155
428: 
429: 109
430: 296 336 448 115 435 450 347
431: 282 99 349 136 446 408
432: 493 413 329 468 330 245 94 398
433: 125 168 435 240
434: 419 264 163 268
435: 390 171 237 443 330 48 21 339 420 36
436: 122 138 162
437: 417 361 447 436 163 291 120 229
438: 415 210 26 492
439: 189 147 443 181 403 168 257
440: 96 26 378 167 309 37 341 319 236 320
441: 90 104 324 134 460 374 401 395 449
442: 498 376
443: 345 142 165 360 464 26 62 415 147 145
444: 275 254 382 174 65 371 395 164
445: 215 382 488 268 217 230 42 365
446: 114 330 64 14 472 68 489
447: 209 88 182
448: 17
449: 163 474 110
450: 242 161 113 425 410
451: 252
452: 87 392 480 151 287 50 122 454
453: 8 124 50 190 249 365
454: 367
455: 151 198 453 32
456: 447 314 448 226 462 253 439 297 2
457: 20 302 456 323 458 176 362 478
458: 364 26 442 400 230 492
459: 91 432 468 158 399 213 66 191 434
460: 459 223 55 77 437 421 3 355 466 306
461: 294 15
462: 452 490 216 180 224 361 49 250
463: 354 74 338
464: 396 432 343 111 468 130 203 24
465: 254 231 418 208
466: 326 43 214 255 9 429 249
467: 260 323 302 359
468: 
469: 359 155 244 193 39 391
470: 259 100 489 350 335 10 312 269 469
471: 308 329 413 172 7 136
472: 106 171 378
473: 233 193 189 129 137 61
474: 31 145 457 152 337
475: 85 440 101 168 52 133
476: 267 301 230 418
477: 433 481 86 108 289 338 105 413 482 278
478: 146 135 52 242 224 39
479: 228 235 221 308 126 27 207 60
480: 468 308 292 255 457 91
481: 384
482: 414 285 115 111 331 253 385 282
483: 213 89 344 212
484: 156 16 53 165 173 2 150
485: 201 329 30
486: 454 68 94 409
487: 488 162 46 343 97 262 24
488: 386 495 323 441 92 340 58
489: 255 108
490: 250 52 272 441
491: 453 485 261 66 482 225 282 130 266 24
492: 
493: 129 332 235 289
494: 275 309
495: 424
496: 234 212 175
497: 436 182 470 75 463 409
498: 497 495 248 352 217 204 346
499: 305
500: 98 430 286 486 201 141
